# 25S_rRNA_3prime

1	1
2	1
3	1
4	1
5	1
6	1
7	1
8	1
9	1
10	0
11	0
12	1
13	1
14	0
15	0
16	1
17	1
18	1
19	0
20	0
21	1
22	1
23	0
24	0
25	0
26	0
27	1
28	0
29	0
30	1
31	1
32	1
33	1
34	1
35	1
36	0
37	0
38	0
39	0
40	0
41	0
42	1
43	1
44	0
45	0
46	0
47	0
48	2
49	0
50	0
51	1
52	1
53	1
54	1
55	1
56	0
57	1
58	1
59	1
60	1
61	0
62	0
63	0
64	0
65	0
66	0
67	0
68	1
69	0
70	0
71	0
72	0
73	0
74	2
75	3
76	1
77	1
78	0
79	0
80	1
81	1
82	0
83	0
84	2
85	1
86	0
87	0
88	0
89	0
90	0
91	0
92	0
93	1
94	2
95	1
96	1
97	1
98	0
99	0
100	0
101	1
102	0
103	0
104	0
105	0
106	1
107	1
108	1
109	0
110	0
111	1
112	1
113	0
114	0
115	1
116	1
117	1
118	0
119	1
120	0
121	0
122	1
123	0
124	1
125	2
126	0
127	0
128	0
129	1
130	1
131	1
132	3
133	2
134	0
135	0
136	0
137	0
138	1
139	0
140	0
141	1
142	1
143	0
144	0
145	0
146	1
147	1
148	1
149	0
150	1
151	0
152	0
153	1
154	1
155	0
156	1
157	1
158	1
159	0
160	0
161	1
162	2
163	4
164	0
165	0
166	0
167	0
168	1
169	1
170	2
171	1
172	1
173	0
174	0
175	0
176	0
177	0
178	0
179	0
180	1
181	2
182	3
183	0
184	0
185	0
186	0
187	0
188	3
189	4
190	3
191	2
192	4
193	1
194	0
195	0
196	0
197	0
198	1
199	2
200	4
201	0
202	0
203	0
204	0
205	0
206	0
207	0
208	0
209	0
210	2
211	4
212	0
213	4
214	4
215	4
216	0
217	0
218	1
219	0
220	0
221	0
222	2
223	0
224	5
225	5
226	5
227	5
228	5
229	5
230	5
231	5
232	5
233	5
234	5
235	5
236	5
237	5
238	5
239	5
240	5
241	5
242	5
243	5
244	5
245	5
246	5
247	5
248	5
249	5
250	5
251	5
252	5
253	5
254	5
255	5
256	5
257	5
258	5
259	5
260	5
261	5
262	5
263	5
264	5
265	5
266	5
267	5
268	5
269	5
270	5
271	5
272	5
273	1
274	0
275	1
276	1
277	0
278	0
279	0
280	2
281	4
282	1
283	0
284	0
285	1
286	1
287	0
288	1
289	1
290	1
291	1
292	0
293	1
294	0
295	1
296	1
297	0
298	0
299	1
300	1
301	0
302	1
303	0
304	1
305	0
306	1
307	0
308	0
309	1
310	0
311	1
312	0
313	1
314	0
315	1
316	0
317	1
318	0
319	0
320	1
321	1
322	0
323	0
324	0
325	0
326	4
327	3
328	2
329	4
330	2
331	4
332	0
333	1
334	0
335	0
336	1
337	1
338	1
339	1
340	1
341	2
342	0
343	1
344	1
345	0
346	1
347	1
348	0
349	0
350	1
351	1
352	1
353	1
354	1
355	1
356	1
357	0
358	1
359	1
360	0
361	1
362	1
363	0
364	1
365	1
366	0
367	0
368	1
369	1
370	1
371	0
372	1
373	1
374	1
375	0
376	0
377	4
378	2
379	3
380	2
381	0
382	2
383	2
384	2
385	0
386	0
387	1
388	0
389	4
390	4
391	1
392	1
393	1
394	1
395	1
396	1
397	1
398	1
399	1
400	1
401	3
402	0
403	1
404	1
405	0
406	0
407	1
408	0
409	4
410	1
411	0
412	1
413	1
414	0
415	1
416	1
417	0
418	0
419	1
420	1
421	1
422	0
423	0
424	1
425	0
426	0
427	2
428	3
429	0
430	1
431	0
432	1
433	1
434	1
435	0
436	1
437	0
438	0
439	1
440	0
441	1
442	1
443	1
444	0
445	1
446	1
447	0
448	0
449	0
450	0
451	0
452	0
453	0
454	0
455	0
456	0
457	0
458	2
459	0
460	0
461	0
462	1
463	1
464	0
465	0
466	1
467	1
468	0
469	2
470	1
471	1
472	0
473	1
474	1
475	0
476	0
477	0
478	0
479	0
480	0
481	0
482	0
483	1
484	0
485	1
486	0
487	1
488	0
489	0
490	0
491	1
492	0
493	1
494	1
495	1
496	0
497	0
498	0
499	0
500	0
501	0
502	0
503	0
504	0
505	0
506	1
507	1
508	1
509	0
510	0
511	1
512	0
513	0
514	0
515	0
516	0
517	0
518	0
519	0
520	0
521	0
522	2
523	1
524	0
525	2
526	3
527	0
528	0
529	0
530	0
531	0
532	0
533	0
534	1
535	0
536	0
537	0
538	0
539	1
540	4
541	1
542	1
543	0
544	0
545	1
546	1
547	1
548	1
549	0
550	0
551	0
552	1
553	3
554	0
555	1
556	0
557	0
558	1
559	1
560	0
561	0
562	0
563	0
564	0
565	2
566	1
567	1
568	1
569	0
570	1
571	0
572	0
573	0
574	2
575	1
576	1
577	1
578	1
579	1
580	4
581	1
582	1
583	1
584	1
585	0
586	0
587	0
588	0
589	1
590	2
591	0
592	0
593	1
594	1
595	3
596	1
597	0
598	0
599	0
600	0
601	1
602	1
603	1
604	0
605	1
606	1
607	0
608	0
609	1
610	0
611	1
612	2
613	0
614	0
615	1
616	1
617	0
618	0
619	0
620	1
621	0
622	1
623	2
624	4
625	1
626	1
627	0
628	0
629	0
630	0
631	1
632	1
633	1
634	0
635	1
636	1
637	0
638	0
639	3
640	3
641	1
642	1
643	1
644	2
645	0
646	0
647	0
648	0
649	0
650	0
651	1
652	2
653	1
654	2
655	0
656	0
657	1
658	1
659	2
660	4
661	3
662	4
663	3
664	2
665	1
666	1
667	0
668	1
669	3
670	3
671	4
672	2
673	1
674	1
675	1
676	3
677	1
678	3
679	1
680	1
681	1
682	4
683	1
684	1
685	0
686	0
687	1
688	1
689	0
690	1
691	3
692	4
693	4
694	3
695	1
696	1
697	0
698	0
699	0
700	1
701	1
702	1
703	1
704	1
705	1
706	1
707	1
708	1
709	0
710	0
711	1
712	1
713	0
714	1
715	3
716	3
717	1
718	1
719	1
720	1
721	1
722	4
723	1
724	1
725	0
726	1
727	1
728	0
729	0
730	1
731	1
732	1
733	0
734	0
735	1
736	0
737	1
738	1
739	1
740	1
741	0
742	2
743	1
744	1
745	0
746	2
747	3
748	1
749	4
750	1
751	1
752	3
753	0
754	0
755	0
756	0
757	0
758	1
759	1
760	0
761	0
762	0
763	1
764	1
765	1
766	1
767	0
768	0
769	0
770	0
771	0
772	0
773	1
774	1
775	1
776	1
777	1
778	1
779	0
780	0
781	0
782	0
783	0
784	0
785	0
786	0
787	1
788	1
789	1
790	0
791	0
792	0
793	0
794	0
795	0
796	1
797	1
798	1
799	1
800	1
801	1
802	0
803	0
804	0
805	0
806	1
807	0
808	0
809	0
810	0
811	1
812	1
813	0
814	2
815	0
816	1
817	0
818	1
819	0
820	1
821	1
822	1
823	0
824	1
825	0
826	0
827	0
828	0
829	0
830	0
831	0
832	1
833	1
834	0
835	1
836	1
837	0
838	0
839	0
840	1
841	1
842	1
843	0
844	0
845	0
846	1
847	0
848	1
849	1
850	0
851	1
852	1
853	1
854	0
855	0
856	0
857	0
858	1
859	0
860	0
861	1
862	0
863	0
864	1
865	1
866	1
867	0
868	1
869	0
870	1
871	0
872	0
873	0
874	0
875	1
876	1
877	0
878	0
879	0
880	1
881	2
882	1
883	0
884	1
885	1
886	0
887	1
888	0
889	0
890	0
891	0
892	3
893	4
894	4
895	0
896	0
897	0
898	0
899	1
900	1
901	1
902	0
903	1
904	1
905	1
906	0
907	0
908	1
909	1
910	0
911	0
912	1
913	0
914	0
915	3
916	1
917	0
918	0
919	0
920	0
921	2
922	1
923	0
924	0
925	1
926	0
927	0
928	1
929	0
930	0
931	0
932	0
933	1
934	0
935	5
936	1
937	1
938	1
939	1
940	0
941	1
942	4
943	0
944	0
945	0
946	1
947	0
948	0
949	0
950	1
951	0
952	1
953	0
954	0
955	0
956	0
957	0
958	0
959	1
960	2
961	3
962	0
963	0
964	0
965	0
966	0
967	0
968	2
969	0
970	2
971	1
972	0
973	1
974	2
975	2
976	1
977	2
978	1
979	1
980	1
981	1
982	1
983	1
984	1
985	1
986	1
987	1
988	0
989	0
990	1
991	1
992	0
993	1
994	1
995	1
996	1
997	3
998	1
999	0
1000	0
1001	1
1002	1
1003	0
1004	1
1005	1
1006	0
1007	1
1008	1
1009	1
1010	1
1011	2
1012	1
1013	1
1014	0
1015	1
1016	1
1017	0
1018	1
1019	1
1020	2
1021	1
1022	1
1023	2
1024	2
1025	1
1026	0
1027	0
1028	1
1029	0
1030	2
1031	2
1032	2
1033	2
1034	1
1035	1
1036	0
1037	4
1038	1
1039	0
1040	1
1041	1
1042	2
1043	2
1044	2
1045	1
1046	1
1047	2
1048	1
1049	0
1050	1
1051	1
1052	2
1053	0
1054	1
1055	1
1056	1
1057	2
1058	0
1059	1
1060	1
1061	0
1062	2
1063	1
1064	1
1065	1
1066	0
1067	3
1068	2
1069	1
1070	1
1071	1
1072	0
1073	1
1074	1
1075	1
1076	4
1077	2
1078	2
1079	1
1080	1
1081	0
1082	1
1083	0
1084	1
1085	1
1086	1
1087	1
1088	1
1089	1
1090	0
1091	1
1092	1
1093	4
1094	1
1095	0
1096	0
1097	0
1098	1
1099	2
1100	4
1101	0
1102	1
1103	1
1104	1
1105	1
1106	1
1107	1
1108	1
1109	1
1110	1
1111	1
1112	1
1113	1
1114	1
1115	0
1116	1
1117	1
1118	4
1119	1
1120	1
1121	0
1122	0
1123	1
1124	0
1125	1
1126	1
1127	1
1128	2
1129	1
1130	0
1131	1
1132	0
1133	2
1134	2
1135	0
1136	0
1137	1
1138	0
1139	1
1140	0
1141	1
1142	1
1143	1
1144	1
1145	1
1146	0
1147	1
1148	1
1149	2
1150	0
1151	1
1152	0
1153	0
1154	0
1155	1
1156	1
1157	1
1158	1
1159	0
1160	1
1161	1
1162	0
1163	0
1164	0
1165	2
1166	0
1167	0
1168	2
1169	0
1170	1
1171	1
1172	1
1173	2
1174	1
1175	3
1176	1
1177	2
1178	0
1179	1
1180	1
1181	0
1182	1
1183	1
1184	1
1185	0
1186	1
1187	1
1188	1
1189	1
1190	0
1191	1
1192	1
1193	0
1194	0
1195	1
1196	1
1197	1
1198	1
1199	1
1200	2
1201	1
1202	0
1203	0
1204	4
1205	0
1206	1
1207	0
1208	0
1209	0
1210	0
1211	0
1212	1
1213	1
1214	2
1215	2
1216	0
1217	1
1218	0
1219	1
1220	0
1221	1
1222	2
1223	2
1224	1
1225	1
1226	1
1227	1
1228	1
1229	0
1230	2
1231	0
1232	1
1233	0
1234	0
1235	0
1236	1
1237	1
1238	1
1239	2
1240	2
1241	0
1242	0
1243	1
1244	1
1245	0
1246	1
1247	1
1248	1
1249	2
1250	0
1251	0
1252	2
1253	1
1254	1
1255	1
1256	2
1257	1
1258	0
1259	1
1260	1
1261	0
1262	1
1263	1
1264	1
1265	2
1266	1
1267	0
1268	0
1269	2
1270	3
1271	2
1272	0
1273	3
1274	3
1275	3
1276	2
1277	2
1278	3
1279	3
1280	0
1281	0
1282	0
1283	0
1284	0
1285	1
1286	1
1287	1
1288	1
1289	2
1290	1
1291	1
1292	3
1293	2
1294	1
1295	1
1296	2
1297	1
1298	0
1299	1
1300	1
1301	1
1302	1
1303	1
1304	3
1305	2
1306	1
1307	1
1308	1
1309	1
1310	1
1311	0
1312	0
1313	0
1314	1
1315	0
1316	3
1317	2
1318	3
1319	0
1320	2
1321	0
1322	0
1323	0
1324	0
1325	0
1326	0
1327	1
1328	1
1329	1
1330	1
1331	1
1332	1
1333	1
1334	1
1335	1
1336	0
1337	0
1338	2
1339	2
1340	4
1341	2
1342	0
1343	0
1344	1
1345	1
1346	0
1347	1
1348	1
1349	2
1350	4
1351	0
1352	0
1353	0
1354	0
1355	1
1356	1
1357	1
1358	0
1359	0
1360	0
1361	0
1362	0
1363	1
1364	0
1365	0
1366	0
1367	1
1368	0
1369	1
1370	0
1371	0
1372	1
1373	0
1374	0
1375	0
1376	0
1377	0
1378	1
1379	1
1380	1
1381	0
1382	0
1383	0
1384	0
1385	1
1386	0
1387	1
1388	1
1389	1
1390	1
1391	2
1392	1
1393	1
1394	0
1395	0
1396	0
1397	3
1398	4
1399	3
1400	3
1401	1
1402	1
1403	0
1404	1
1405	1
1406	1
1407	1
1408	1
1409	0
1410	0
1411	0
1412	0
1413	0
1414	1
1415	2
1416	0
1417	1
1418	1
1419	0
1420	1
1421	0
1422	1
1423	0
1424	1
1425	0
1426	1
1427	1
1428	0
1429	0
1430	1
1431	0
1432	0
1433	0
1434	0
1435	0
1436	0
1437	0
1438	2
1439	2
1440	4
1441	0
1442	0
1443	0
1444	0
1445	0
1446	0
1447	0
1448	0
1449	1
1450	1
1451	0
1452	0
1453	1
1454	1
1455	0
1456	0
1457	1
1458	0
1459	0
1460	1
1461	0
1462	3
1463	1
1464	1
1465	0
1466	0
1467	1
1468	1
1469	5
1470	5
1471	5
1472	5
1473	5
1474	5
1475	5
1476	5
1477	5
1478	5
1479	5
1480	5
1481	5
1482	5
1483	5
1484	5
1485	5
1486	5
1487	5
1488	5
1489	5
1490	5
1491	5
1492	5
1493	5
1494	5
1495	5
1496	5
1497	5
1498	5
1499	5
1500	5
1501	5
1502	5
1503	5
1504	5
1505	5
1506	5
1507	5
1508	5
1509	5
1510	5
1511	5
1512	5
1513	5
1514	5
1515	5
1516	5
1517	5
1518	5
