# 25S_rRNA_5prime
1	5
2	5
3	5
4	5
5	5
6	1
7	1
8	1
9	2
10	1
11	1
12	1
13	0
14	0
15	0
16	0
17	0
18	0
19	0
20	0
21	0
22	1
23	1
24	1
25	1
26	0
27	0
28	0
29	0
30	0
31	0
32	2
33	0
34	0
35	0
36	0
37	0
38	0
39	0
40	0
41	0
42	1
43	1
44	0
45	0
46	0
47	1
48	1
49	1
50	2
51	1
52	1
53	1
54	1
55	1
56	0
57	0
58	0
59	2
60	1
61	1
62	0
63	1
64	1
65	1
66	1
67	0
68	0
69	1
70	0
71	1
72	0
73	0
74	1
75	1
76	0
77	2
78	3
79	4
80	4
81	3
82	3
83	2
84	3
85	3
86	4
87	0
88	0
89	1
90	0
91	1
92	0
93	1
94	0
95	1
96	0
97	0
98	0
99	0
100	0
101	0
102	5
103	5
104	5
105	5
106	5
107	5
108	5
109	5
110	5
111	5
112	5
113	5
114	5
115	5
116	5
117	5
118	5
119	5
120	5
121	5
122	5
123	5
124	5
125	5
126	5
127	5
128	5
129	5
130	5
131	5
132	5
133	5
134	5
135	5
136	5
137	5
138	5
139	5
140	5
141	5
142	5
143	5
144	5
145	5
146	5
147	5
148	5
149	5
150	5
151	5
152	5
153	5
154	5
155	5
156	5
157	5
158	5
159	5
160	5
161	5
162	5
163	5
164	1
165	1
166	0
167	1
168	2
169	1
170	1
171	0
172	0
173	1
174	0
175	0
176	0
177	1
178	0
179	0
180	0
181	0
182	1
183	1
184	0
185	0
186	0
187	0
188	0
189	0
190	0
191	1
192	0
193	0
194	0
195	1
196	1
197	1
198	0
199	0
200	2
201	2
202	0
203	0
204	1
205	1
206	0
207	1
208	1
209	1
210	1
211	0
212	0
213	0
214	0
215	0
216	1
217	0
218	0
219	1
220	0
221	0
222	0
223	0
224	0
225	0
226	1
227	1
228	0
229	1
230	0
231	1
232	0
233	0
234	0
235	0
236	0
237	1
238	0
239	0
240	0
241	0
242	1
243	0
244	0
245	1
246	1
247	0
248	0
249	1
250	1
251	1
252	1
253	1
254	0
255	0
256	0
257	0
258	0
259	0
260	0
261	1
262	1
263	0
264	1
265	0
266	0
267	0
268	1
269	1
270	1
271	1
272	0
273	2
274	2
275	1
276	0
277	2
278	4
279	1
280	1
281	2
282	0
283	0
284	0
285	0
286	0
287	1
288	0
289	0
290	1
291	2
292	2
293	1
294	0
295	0
296	0
297	1
298	0
299	0
300	0
301	0
302	0
303	0
304	1
305	0
306	1
307	1
308	1
309	1
310	0
311	1
312	1
313	1
314	1
315	1
316	0
317	1
318	1
319	1
320	1
321	0
322	4
323	3
324	1
325	1
326	2
327	4
328	1
329	0
330	1
331	0
332	0
333	0
334	1
335	2
336	1
337	0
338	1
339	0
340	1
341	0
342	0
343	1
344	2
345	1
346	1
347	1
348	2
349	0
350	0
351	0
352	0
353	1
354	0
355	0
356	0
357	0
358	1
359	0
360	0
361	1
362	0
363	1
364	0
365	0
366	1
367	1
368	1
369	1
370	1
371	1
372	1
373	0
374	0
375	0
376	1
377	2
378	3
379	3
380	1
381	1
382	0
383	0
384	0
385	1
386	1
387	1
388	0
389	0
390	1
391	0
392	1
393	0
394	0
395	1
396	2
397	3
398	4
399	1
400	0
401	0
402	0
403	0
404	1
405	1
406	3
407	4
408	4
409	4
410	4
411	2
412	1
413	1
414	0
415	1
416	1
417	1
418	1
419	1
420	1
421	1
422	1
423	1
424	1
425	0
426	0
427	1
428	0
429	0
430	0
431	0
432	0
433	0
434	1
435	0
436	0
437	1
438	1
439	1
440	0
441	1
442	1
443	1
444	0
445	0
446	1
447	0
448	0
449	0
450	0
451	0
452	1
453	1
454	1
455	1
456	4
457	1
458	0
459	0
460	0
461	0
462	1
463	1
464	1
465	1
466	1
467	1
468	1
469	0
470	0
471	0
472	0
473	1
474	1
475	1
476	0
477	0
478	0
479	0
480	1
481	0
482	0
483	1
484	1
485	0
486	0
487	2
488	1
489	0
490	0
491	0
492	0
493	0
494	0
495	0
496	0
497	0
498	0
499	0
500	0
501	1
502	0
503	0
504	0
505	0
506	0
507	1
508	1
509	1
510	0
511	1
512	1
513	1
514	1
515	0
516	0
517	0
518	0
519	1
520	1
521	0
522	0
523	1
524	1
525	0
526	0
527	0
528	1
529	0
530	0
531	0
532	1
533	0
534	4
535	1
536	1
537	0
538	0
539	0
540	1
541	1
542	1
543	1
544	1
545	0
546	0
547	0
548	0
549	0
550	0
551	1
552	1
553	0
554	0
555	1
556	1
557	0
558	0
559	2
560	2
561	0
562	0
563	1
564	1
565	0
566	1
567	1
568	1
569	0
570	0
571	0
572	1
573	0
574	1
575	1
576	1
577	1
578	1
579	1
580	1
581	1
582	1
583	0
584	0
585	1
586	0
587	0
588	0
589	1
590	0
591	0
592	1
593	0
594	0
595	3
596	4
597	4
598	4
599	4
600	2
601	1
602	1
603	1
604	1
605	1
606	1
607	1
608	0
609	1
610	1
611	1
612	0
613	0
614	1
615	1
616	0
617	0
618	1
619	0
620	1
621	4
622	4
623	4
624	1
625	4
626	0
627	0
628	0
629	1
630	0
631	0
632	1
633	0
634	1
635	3
636	4
637	4
638	3
639	1
640	1
641	1
642	1
643	1
644	1
645	1
646	1
647	0
648	1
649	2
650	2
651	3
652	4
653	0
654	0
655	1
656	0
657	0
658	1
659	1
660	0
661	1
662	0
663	0
664	0
665	1
666	2
667	0
668	0
669	0
670	1
671	0
672	0
673	0
674	0
675	0
676	1
677	1
678	1
679	0
680	0
681	0
682	1
683	0
684	1
685	0
686	1
687	1
688	0
689	1
690	1
691	1
692	0
693	0
694	1
695	0
696	1
697	0
698	0
699	1
700	0
701	1
702	1
703	2
704	3
705	2
706	0
707	1
708	1
709	0
710	0
711	1
712	1
713	1
714	1
715	1
716	1
717	1
718	1
719	0
720	0
721	0
722	0
723	0
724	1
725	1
726	1
727	1
728	1
729	1
730	0
731	1
732	0
733	0
734	0
735	0
736	0
737	0
738	0
739	1
740	1
741	0
742	0
743	1
744	0
745	0
746	1
747	0
748	1
749	1
750	1
751	1
752	2
753	0
754	0
755	0
756	0
757	0
758	0
759	3
760	3
761	3
762	0
763	0
764	0
765	0
766	1
767	0
768	1
769	5
770	5
771	5
772	5
773	5
774	5
775	5
776	5
777	5
778	5
779	5
780	5
781	5
782	5
783	5
784	5
785	5
786	5
787	5
788	5
789	5
790	5
791	5
792	5
793	5
794	5
795	5
796	5
797	5
798	5
799	5
800	5
801	5
802	5
803	5
804	5
805	5
806	5
807	3
808	0
809	0
810	1
811	0
812	1
813	1
814	1
815	1
816	1
817	0
818	1
819	1
820	0
821	0
822	1
823	1
824	1
825	1
826	0
827	0
828	1
829	2
830	0
831	1
832	0
833	0
834	0
835	1
836	1
837	1
838	0
839	0
840	0
841	0
842	0
843	0
844	0
845	0
846	0
847	4
848	4
849	1
850	1
851	1
852	1
853	1
854	0
855	3
856	4
857	0
858	1
859	0
860	0
861	2
862	2
863	1
864	1
865	1
866	1
867	1
868	0
869	1
870	1
871	1
872	1
873	1
874	1
875	2
876	0
877	3
878	1
879	0
880	0
881	0
882	1
883	1
884	0
885	0
886	1
887	0
888	0
889	0
890	0
891	2
892	2
893	3
894	3
895	0
896	1
897	0
898	0
899	0
900	1
901	1
902	2
903	0
904	0
905	0
906	1
907	1
908	0
909	1
910	1
911	1
912	0
913	0
914	0
915	1
916	1
917	1
918	1
919	0
920	2
921	4
922	4
923	3
924	2
925	3
926	1
927	1
928	2
929	1
930	1
931	1
932	1
933	1
934	1
935	0
936	1
937	1
938	1
939	1
940	2
941	1
942	1
943	1
944	0
945	0
946	3
947	0
948	1
949	1
950	0
951	1
952	1
953	1
954	1
955	1
956	1
957	1
958	1
959	1
960	0
961	0
962	1
963	2
964	4
965	1
966	1
967	0
968	1
969	1
970	0
971	0
972	0
973	1
974	0
975	1
976	2
977	1
978	0
979	1
980	0
981	0
982	0
983	1
984	1
985	1
986	1
987	1
988	1
989	0
990	0
991	0
992	1
993	0
994	0
995	1
996	0
997	0
998	0
999	0
1000	0
1001	1
1002	1
1003	1
1004	2
1005	2
1006	2
1007	0
1008	0
1009	0
1010	0
1011	0
1012	0
1013	0
1014	0
1015	0
1016	1
1017	1
1018	0
1019	0
1020	0
1021	1
1022	1
1023	1
1024	1
1025	0
1026	1
1027	1
1028	1
1029	0
1030	1
1031	1
1032	0
1033	2
1034	1
1035	1
1036	1
1037	1
1038	1
1039	0
1040	1
1041	1
1042	1
1043	1
1044	0
1045	0
1046	1
1047	1
1048	1
1049	1
1050	0
1051	1
1052	1
1053	1
1054	0
1055	0
1056	0
1057	0
1058	0
1059	0
1060	1
1061	1
1062	0
1063	1
1064	0
1065	0
1066	0
1067	0
1068	1
1069	1
1070	0
1071	0
1072	0
1073	0
1074	1
1075	0
1076	1
1077	1
1078	0
1079	1
1080	1
1081	1
1082	0
1083	0
1084	0
1085	0
1086	1
1087	0
1088	0
1089	0
1090	1
1091	1
1092	1
1093	1
1094	1
1095	0
1096	0
1097	1
1098	0
1099	0
1100	1
1101	0
1102	0
1103	0
1104	0
1105	0
1106	1
1107	1
1108	0
1109	0
1110	1
1111	1
1112	0
1113	0
1114	0
1115	1
1116	0
1117	1
1118	0
1119	1
1120	1
1121	1
1122	1
1123	0
1124	1
1125	0
1126	0
1127	0
1128	0
1129	0
1130	0
1131	0
1132	0
1133	0
1134	0
1135	0
1136	2
1137	4
1138	3
1139	4
1140	0
1141	0
1142	0
1143	0
1144	0
1145	0
1146	1
1147	0
1148	1
1149	0
1150	0
1151	0
1152	1
1153	1
1154	0
1155	0
1156	0
1157	1
1158	1
1159	2
1160	1
1161	1
1162	1
1163	1
1164	1
1165	1
1166	1
1167	1
1168	1
1169	0
1170	0
1171	1
1172	3
1173	4
1174	4
1175	2
1176	2
1177	1
1178	0
1179	1
1180	1
1181	1
1182	3
1183	4
1184	4
1185	3
1186	4
1187	0
1188	1
1189	1
1190	1
1191	2
1192	2
1193	1
1194	1
1195	1
1196	1
1197	1
1198	1
1199	1
1200	1
1201	1
1202	1
1203	1
1204	1
1205	1
1206	1
1207	0
1208	1
1209	1
1210	1
1211	1
1212	1
1213	0
1214	1
1215	1
1216	1
1217	1
1218	1
1219	1
1220	0
1221	1
1222	3
1223	2
1224	1
1225	0
1226	1
1227	0
1228	1
1229	3
1230	0
1231	1
1232	1
1233	1
1234	0
1235	1
1236	1
1237	1
1238	1
1239	4
1240	1
1241	0
1242	1
1243	1
1244	0
1245	1
1246	1
1247	1
1248	1
1249	1
1250	2
1251	4
1252	4
1253	3
1254	4
1255	1
1256	1
1257	1
1258	1
1259	1
1260	3
1261	4
1262	1
1263	0
1264	1
1265	1
1266	0
1267	0
1268	1
1269	1
1270	1
1271	1
1272	0
1273	1
1274	1
1275	1
1276	0
1277	1
1278	1
1279	1
1280	1
1281	1
1282	1
1283	1
1284	0
1285	1
1286	1
1287	1
1288	1
1289	1
1290	2
1291	0
1292	0
1293	0
1294	0
1295	0
1296	1
1297	0
1298	0
1299	1
1300	1
1301	1
1302	0
1303	0
1304	0
1305	1
1306	0
1307	0
1308	1
1309	1
1310	0
1311	0
1312	1
1313	0
1314	0
1315	1
1316	1
1317	0
1318	0
1319	1
1320	0
1321	0
1322	1
1323	0
1324	0
1325	1
1326	0
1327	0
1328	1
1329	1
1330	0
1331	0
1332	1
1333	0
1334	0
1335	1
1336	0
1337	0
1338	1
1339	1
1340	0
1341	0
1342	1
1343	0
1344	0
1345	0
1346	0
1347	1
1348	0
1349	1
1350	1
1351	1
1352	0
1353	0
1354	1
1355	0
1356	0
1357	1
1358	1
1359	1
1360	1
1361	1
1362	1
1363	1
1364	1
1365	1
1366	1
1367	0
1368	1
1369	1
1370	1
1371	0
1372	1
1373	1
1374	1
1375	1
1376	0
1377	1
1378	2
1379	2
1380	1
1381	1
1382	1
1383	1
1384	0
1385	0
1386	0
1387	0
1388	1
1389	1
1390	0
1391	0
1392	1
1393	1
1394	3
1395	1
1396	0
1397	0
1398	5
1399	1
1400	1
1401	1
1402	1
1403	1
1404	1
1405	1
1406	1
1407	2
1408	1
1409	1
1410	1
1411	1
1412	0
1413	1
1414	1
1415	0
1416	1
1417	1
1418	1
1419	0
1420	0
1421	1
1422	0
1423	0
1424	1
1425	1
1426	1
1427	1
1428	1
1429	0
1430	0
1431	1
1432	1
1433	0
1434	1
1435	1
1436	1
1437	1
1438	0
1439	0
1440	0
1441	0
1442	1
1443	2
1444	2
1445	1
1446	0
1447	0
1448	0
1449	1
1450	0
1451	0
1452	0
1453	1
1454	1
1455	1
1456	0
1457	1
1458	1
1459	1
1460	1
1461	1
1462	1
1463	1
1464	1
1465	1
1466	1
1467	1
1468	0
1469	1
1470	0
1471	0
1472	1
1473	0
1474	1
1475	0
1476	1
1477	0
1478	0
1479	1
1480	1
1481	1
1482	1
1483	1
1484	1
1485	0
1486	1
1487	0
1488	1
1489	1
1490	0
1491	1
1492	1
1493	1
1494	1
1495	1
1496	1
1497	1
1498	1
1499	2
1500	0
1501	1
1502	0
1503	0
1504	0
1505	0
1506	4
1507	4
1508	4
1509	4
1510	3
1511	2
1512	4
1513	4
1514	4
1515	0
1516	0
1517	0
1518	0
1519	0
1520	1
1521	0
1522	1
1523	1
1524	0
1525	1
1526	1
1527	1
1528	0
1529	2
1530	0
1531	1
1532	1
1533	0
1534	1
1535	1
1536	1
1537	0
1538	1
1539	0
1540	0
1541	0
1542	0
1543	0
1544	1
1545	0
1546	0
1547	1
1548	1
1549	0
1550	0
1551	1
1552	1
1553	0
1554	0
1555	1
1556	1
1557	1
1558	0
1559	0
1560	1
1561	1
1562	0
1563	1
1564	1
1565	1
1566	0
1567	0
1568	0
1569	2
1570	0
1571	0
1572	1
1573	0
1574	0
1575	1
1576	0
1577	0
1578	0
1579	0
1580	0
1581	0
1582	1
1583	0
1584	0
1585	0
1586	0
1587	1
1588	0
1589	0
1590	0
1591	0
1592	1
1593	0
1594	0
1595	1
1596	1
1597	0
1598	0
1599	1
1600	0
1601	0
1602	1
1603	1
1604	0
1605	1
1606	1
1607	2
1608	2
1609	1
1610	1
1611	1
1612	1
1613	1
1614	1
1615	1
1616	1
1617	1
1618	1
1619	1
1620	1
1621	0
1622	1
1623	0
1624	1
1625	1
1626	1
1627	1
1628	1
1629	1
1630	0
1631	0
1632	0
1633	0
1634	0
1635	1
1636	1
1637	0
1638	0
1639	1
1640	2
1641	1
1642	0
1643	1
1644	0
1645	1
1646	1
1647	0
1648	1
1649	1
1650	0
1651	0
1652	1
1653	1
1654	1
1655	1
1656	0
1657	0
1658	0
1659	0
1660	0
1661	2
1662	1
1663	1
1664	0
1665	1
1666	1
1667	1
1668	0
1669	0
1670	0
1671	1
1672	1
1673	0
1674	0
1675	0
1676	0
1677	2
1678	1
1679	0
1680	1
1681	1
1682	0
1683	1
1684	0
1685	0
1686	0
1687	0
1688	0
1689	0
1690	1
1691	1
1692	1
1693	1
1694	1
1695	0
1696	1
1697	0
1698	1
1699	1
1700	1
1701	0
1702	1
1703	1
1704	1
1705	0
1706	0
1707	1
1708	1
1709	1
1710	0
1711	1
1712	4
1713	0
1714	0
1715	1
1716	1
1717	4
1718	0
1719	0
1720	1
1721	2
1722	2
1723	2
1724	3
1725	4
1726	3
1727	3
1728	4
1729	4
1730	3
1731	2
1732	0
1733	0
1734	0
1735	0
1736	0
1737	0
1738	4
1739	2
1740	2
1741	2
1742	0
1743	0
1744	0
1745	1
1746	1
1747	2
1748	0
1749	2
1750	0
1751	0
1752	0
1753	0
1754	0
1755	0
1756	0
1757	1
1758	1
1759	1
1760	1
1761	1
1762	0
1763	0
1764	0
1765	0
1766	0
1767	2
1768	1
1769	1
1770	1
1771	0
1772	0
1773	0
1774	1
1775	0
1776	1
1777	1
1778	1
1779	1
1780	1
1781	0
1782	0
1783	1
1784	1
1785	1
1786	3
1787	2
1788	0
1789	1
1790	1
1791	0
1792	1
1793	1
1794	1
1795	1
1796	1
1797	0
1798	0
1799	1
1800	0
1801	1
1802	0
1803	0
1804	0
1805	1
1806	1
1807	0
1808	0
1809	0
1810	0
1811	0
1812	1
1813	1
1814	1
1815	0
1816	0
1817	0
1818	1
1819	1
1820	0
1821	0
1822	0
1823	0
1824	1
1825	0
1826	1
1827	0
1828	0
1829	0
1830	0
1831	0
1832	1
1833	1
1834	0
1835	1
1836	1
1837	0
1838	1
1839	0
1840	0
1841	2
1842	0
1843	1
1844	0
1845	1
1846	1
1847	0
1848	1
1849	1
1850	0
1851	1
1852	1
1853	1
1854	0
1855	1
1856	1
1857	1
1858	1
1859	0
1860	1
1861	1
1862	2
1863	1
1864	0
1865	0
1866	0
1867	1
1868	0
1869	0
1870	0
1871	0
1872	3
1873	2
1874	1
1875	1
1876	0
1877	1
1878	1
1879	1
1880	0
1881	1
1882	1
1883	0
1884	0
1885	1
1886	1
1887	0
1888	1
1889	1
1890	0
1891	0
1892	1
1893	0
1894	1
1895	1
1896	0
1897	1
1898	1
1899	1
1900	1
1901	1
1902	0
1903	0
1904	0
1905	0
1906	0
1907	1
1908	1
1909	1
1910	0
1911	0
1912	1
1913	1
1914	0
1915	0
1916	0
1917	0
1918	2
1919	0
1920	4
1921	4
1922	4
1923	4
1924	0
1925	0
1926	1
1927	0
1928	0
1929	1
1930	0
1931	0
1932	1
1933	0
1934	1
1935	1
1936	0
1937	1
1938	0
1939	0
1940	0
1941	1
1942	0
1943	0
1944	1
1945	0
1946	0
1947	0
1948	0
1949	0
1950	0
1951	1
1952	1
1953	0
1954	1
1955	1
1956	0
1957	1
1958	1
1959	1
1960	0
1961	0
1962	0
1963	1
1964	1
1965	0
1966	1
1967	1
1968	0
1969	2
1970	2
1971	4
1972	4
1973	4
1974	4
1975	0
1976	1
1977	2
1978	2
1979	0
1980	1
1981	0
1982	0
1983	0
1984	0
1985	2
1986	1
1987	0
1988	1
1989	1
1990	0
1991	0
1992	1
1993	0
1994	1
1995	1
1996	1
1997	1
1998	1
1999	1
2000	0
2001	0
2002	0
2003	1
2004	0
2005	1
2006	0
2007	0
2008	0
2009	0
2010	0
2011	0
2012	0
2013	0
2014	1
2015	1
2016	1
2017	0
2018	0
2019	0
2020	0
2021	0
2022	1
2023	1
2024	0
2025	1
2026	0
2027	2
2028	2
2029	0
2030	1
2031	2
2032	1
2033	1
2034	1
2035	1
2036	1
2037	1
2038	1
