# 18S_rRNA
1	5
2	5
3	5
4	5
5	5
6	5
7	0
8	0
9	0
10	0
11	0
12	0
13	1
14	1
15	2
16	0
17	1
18	1
19	1
20	0
21	1
22	1
23	1
24	1
25	1
26	1
27	0
28	0
29	1
30	0
31	0
32	1
33	1
34	0
35	0
36	0
37	1
38	1
39	1
40	1
41	1
42	0
43	1
44	0
45	1
46	1
47	0
48	0
49	0
50	1
51	1
52	0
53	1
54	1
55	1
56	1
57	1
58	1
59	1
60	1
61	1
62	1
63	1
64	0
65	1
66	0
67	1
68	4
69	0
70	0
71	2
72	4
73	4
74	4
75	4
76	3
77	4
78	0
79	0
80	4
81	1
82	2
83	0
84	1
85	1
86	0
87	1
88	0
89	1
90	1
91	1
92	0
93	1
94	0
95	0
96	1
97	1
98	1
99	0
100	1
101	1
102	0
103	0
104	2
105	0
106	0
107	1
108	1
109	0
110	1
111	0
112	0
113	1
114	1
115	0
116	1
117	0
118	0
119	1
120	0
121	1
122	0
123	0
124	1
125	0
126	2
127	0
128	2
129	2
130	1
131	2
132	1
133	4
134	0
135	2
136	3
137	1
138	1
139	2
140	0
141	1
142	1
143	0
144	0
145	0
146	0
147	0
148	0
149	1
150	1
151	0
152	0
153	1
154	1
155	0
156	3
157	4
158	3
159	2
160	0
161	0
162	1
163	0
164	1
165	0
166	1
167	0
168	1
169	0
170	0
171	1
172	1
173	1
174	1
175	1
176	1
177	3
178	4
179	2
180	3
181	1
182	1
183	0
184	0
185	1
186	0
187	1
188	1
189	1
190	4
191	2
192	1
193	4
194	4
195	0
196	1
197	2
198	1
199	0
200	0
201	0
202	1
203	4
204	0
205	1
206	0
207	0
208	1
209	1
210	0
211	3
212	2
213	1
214	1
215	4
216	2
217	3
218	1
219	1
220	1
221	0
222	1
223	1
224	0
225	1
226	1
227	1
228	1
229	0
230	0
231	1
232	2
233	3
234	2
235	0
236	0
237	3
238	1
239	2
240	4
241	4
242	4
243	1
244	1
245	1
246	1
247	0
248	1
249	3
250	1
251	1
252	1
253	1
254	1
255	1
256	0
257	1
258	1
259	1
260	2
261	3
262	1
263	1
264	1
265	1
266	0
267	0
268	1
269	0
270	1
271	2
272	4
273	2
274	0
275	1
276	2
277	3
278	4
279	2
280	3
281	2
282	0
283	1
284	1
285	1
286	0
287	0
288	1
289	1
290	1
291	0
292	1
293	1
294	1
295	1
296	0
297	1
298	1
299	1
300	1
301	0
302	1
303	0
304	0
305	0
306	1
307	1
308	1
309	0
310	0
311	1
312	3
313	1
314	1
315	1
316	0
317	0
318	0
319	1
320	3
321	1
322	1
323	0
324	1
325	0
326	0
327	0
328	0
329	0
330	1
331	1
332	1
333	0
334	0
335	0
336	1
337	1
338	0
339	1
340	1
341	1
342	0
343	0
344	1
345	3
346	1
347	0
348	0
349	1
350	2
351	1
352	1
353	1
354	0
355	0
356	0
357	1
358	1
359	3
360	1
361	1
362	1
363	1
364	1
365	1
366	1
367	1
368	1
369	3
370	1
371	1
372	0
373	1
374	1
375	1
376	1
377	1
378	0
379	0
380	0
381	0
382	1
383	1
384	1
385	0
386	0
387	1
388	1
389	0
390	0
391	0
392	0
393	0
394	0
395	0
396	0
397	1
398	0
399	0
400	1
401	0
402	0
403	0
404	1
405	1
406	0
407	1
408	0
409	0
410	0
411	0
412	2
413	1
414	0
415	0
416	1
417	4
418	1
419	0
420	1
421	2
422	1
423	0
424	1
425	1
426	0
427	0
428	1
429	0
430	1
431	0
432	0
433	1
434	0
435	0
436	1
437	1
438	1
439	0
440	1
441	1
442	0
443	1
444	0
445	1
446	1
447	0
448	0
449	0
450	0
451	1
452	1
453	2
454	3
455	1
456	0
457	0
458	1
459	1
460	1
461	0
462	0
463	1
464	1
465	1
466	0
467	1
468	1
469	1
470	2
471	1
472	1
473	1
474	1
475	0
476	1
477	1
478	1
479	1
480	1
481	1
482	1
483	1
484	0
485	0
486	1
487	1
488	0
489	1
490	1
491	4
492	4
493	4
494	3
495	3
496	0
497	0
498	0
499	1
500	1
501	0
502	0
503	0
504	1
505	4
506	3
507	1
508	1
509	0
510	1
511	1
512	0
513	1
514	1
515	0
516	1
517	1
518	1
519	1
520	1
521	1
522	1
523	0
524	0
525	1
526	1
527	0
528	1
529	1
530	0
531	0
532	0
533	1
534	1
535	1
536	0
537	1
538	0
539	1
540	1
541	0
542	4
543	1
544	1
545	1
546	0
547	0
548	1
549	0
550	1
551	1
552	1
553	0
554	0
555	1
556	0
557	4
558	4
559	1
560	0
561	0
562	0
563	1
564	1
565	1
566	0
567	1
568	0
569	0
570	1
571	1
572	0
573	1
574	0
575	0
576	1
577	1
578	1
579	3
580	1
581	1
582	1
583	0
584	0
585	1
586	0
587	0
588	1
589	1
590	0
591	0
592	0
593	1
594	1
595	1
596	0
597	0
598	0
599	1
600	0
601	1
602	0
603	1
604	1
605	1
606	1
607	1
608	1
609	0
610	0
611	1
612	1
613	1
614	0
615	1
616	0
617	1
618	0
619	1
620	2
621	0
622	1
623	1
624	0
625	0
626	0
627	0
628	0
629	1
630	1
631	0
632	0
633	0
634	0
635	1
636	0
637	1
638	1
639	3
640	3
641	1
642	1
643	0
644	0
645	1
646	4
647	3
648	1
649	1
650	0
651	0
652	1
653	1
654	1
655	0
656	0
657	0
658	0
659	1
660	1
661	2
662	0
663	0
664	0
665	2
666	3
667	1
668	0
669	3
670	1
671	2
672	4
673	1
674	1
675	0
676	0
677	3
678	0
679	3
680	4
681	3
682	1
683	1
684	1
685	0
686	2
687	4
688	1
689	0
690	0
691	0
692	4
693	2
694	4
695	3
696	1
697	2
698	2
699	1
700	1
701	0
702	0
703	0
704	1
705	1
706	1
707	1
708	0
709	0
710	0
711	1
712	0
713	0
714	1
715	1
716	1
717	3
718	3
719	3
720	0
721	4
722	0
723	0
724	0
725	0
726	0
727	0
728	1
729	0
730	0
731	0
732	1
733	2
734	1
735	1
736	0
737	1
738	0
739	1
740	1
741	3
742	2
743	1
744	2
745	1
746	0
747	0
748	1
749	1
750	1
751	1
752	0
753	1
754	2
755	1
756	1
757	0
758	1
759	0
760	1
761	0
762	1
763	0
764	0
765	0
766	0
767	0
768	0
769	1
770	1
771	0
772	0
773	0
774	1
775	0
776	1
777	1
778	2
779	1
780	4
781	4
782	4
783	0
784	0
785	1
786	1
787	1
788	0
789	1
790	1
791	3
792	0
793	3
794	4
795	1
796	0
797	0
798	0
799	1
800	0
801	1
802	0
803	2
804	0
805	1
806	1
807	1
808	3
809	3
810	2
811	2
812	4
813	3
814	3
815	3
816	1
817	1
818	1
819	3
820	1
821	1
822	1
823	0
824	0
825	1
826	0
827	0
828	1
829	1
830	1
831	0
832	1
833	0
834	0
835	1
836	1
837	1
838	0
839	1
840	1
841	0
842	1
843	0
844	1
845	0
846	1
847	0
848	0
849	0
850	1
851	1
852	1
853	0
854	1
855	1
856	1
857	1
858	1
859	3
860	1
861	0
862	0
863	0
864	0
865	0
866	1
867	0
868	1
869	0
870	1
871	1
872	1
873	0
874	0
875	1
876	1
877	1
878	0
879	0
880	0
881	1
882	1
883	0
884	1
885	0
886	0
887	0
888	0
889	0
890	0
891	0
892	1
893	1
894	0
895	1
896	0
897	1
898	4
899	1
900	1
901	1
902	0
903	2
904	2
905	0
906	0
907	0
908	1
909	1
910	1
911	3
912	4
913	2
914	1
915	0
916	1
917	1
918	0
919	0
920	1
921	1
922	0
923	0
924	0
925	0
926	0
927	0
928	0
929	1
930	0
931	1
932	0
933	0
934	1
935	0
936	0
937	0
938	0
939	0
940	0
941	1
942	0
943	0
944	1
945	0
946	1
947	1
948	0
949	1
950	1
951	1
952	1
953	0
954	0
955	0
956	0
957	1
958	0
959	0
960	1
961	1
962	0
963	0
964	0
965	0
966	0
967	0
968	0
969	0
970	2
971	2
972	1
973	0
974	1
975	1
976	0
977	1
978	1
979	1
980	1
981	0
982	0
983	1
984	1
985	1
986	0
987	0
988	1
989	1
990	1
991	1
992	1
993	1
994	0
995	1
996	1
997	1
998	1
999	1
1000	1
1001	2
1002	2
1003	1
1004	1
1005	1
1006	0
1007	0
1008	0
1009	0
1010	0
1011	0
1012	0
1013	1
1014	1
1015	1
1016	1
1017	0
1018	1
1019	1
1020	1
1021	0
1022	0
1023	1
1024	1
1025	1
1026	1
1027	1
1028	0
1029	0
1030	1
1031	1
1032	0
1033	0
1034	0
1035	1
1036	1
1037	0
1038	1
1039	1
1040	1
1041	1
1042	1
1043	1
1044	1
1045	1
1046	0
1047	0
1048	0
1049	0
1050	0
1051	2
1052	2
1053	2
1054	2
1055	4
1056	4
1057	4
1058	4
1059	4
1060	4
1061	4
1062	3
1063	3
1064	0
1065	0
1066	0
1067	0
1068	0
1069	0
1070	0
1071	0
1072	0
1073	0
1074	0
1075	0
1076	1
1077	0
1078	0
1079	1
1080	2
1081	1
1082	3
1083	0
1084	1
1085	0
1086	0
1087	0
1088	1
1089	0
1090	1
1091	1
1092	1
1093	1
1094	0
1095	0
1096	0
1097	1
1098	1
1099	1
1100	1
1101	0
1102	0
1103	0
1104	0
1105	0
1106	0
1107	1
1108	1
1109	1
1110	0
1111	1
1112	0
1113	0
1114	0
1115	0
1116	1
1117	1
1118	1
1119	1
1120	1
1121	1
1122	0
1123	1
1124	1
1125	0
1126	1
1127	1
1128	0
1129	1
1130	1
1131	1
1132	1
1133	1
1134	0
1135	0
1136	0
1137	0
1138	1
1139	0
1140	1
1141	1
1142	1
1143	0
1144	1
1145	1
1146	0
1147	0
1148	0
1149	0
1150	0
1151	1
1152	1
1153	1
1154	0
1155	0
1156	1
1157	5
1158	5
1159	5
1160	5
1161	5
1162	5
1163	5
1164	5
1165	5
1166	5
1167	5
1168	5
1169	5
1170	5
1171	5
1172	5
1173	5
1174	5
1175	5
1176	5
1177	5
1178	5
1179	5
1180	5
1181	5
1182	5
1183	5
1184	5
1185	5
1186	5
1187	5
1188	5
1189	5
1190	5
1191	5
1192	5
1193	5
1194	5
1195	5
1196	5
1197	5
1198	5
1199	5
1200	5
1201	5
1202	0
1203	1
1204	0
1205	0
1206	1
1207	0
1208	0
1209	0
1210	0
1211	1
1212	1
1213	1
1214	1
1215	1
1216	1
1217	1
1218	0
1219	1
1220	0
1221	0
1222	0
1223	1
1224	1
1225	1
1226	2
1227	1
1228	0
1229	0
1230	1
1231	2
1232	0
1233	1
1234	2
1235	0
1236	2
1237	0
1238	0
1239	1
1240	0
1241	0
1242	1
1243	3
1244	0
1245	0
1246	1
1247	0
1248	0
1249	1
1250	1
1251	0
1252	1
1253	0
1254	1
1255	2
1256	0
1257	0
1258	0
1259	0
1260	0
1261	0
1262	0
1263	1
1264	0
1265	1
1266	0
1267	0
1268	0
1269	0
1270	0
1271	0
1272	0
1273	2
1274	2
1275	0
1276	1
1277	0
1278	1
1279	1
1280	0
1281	0
1282	1
1283	0
1284	0
1285	0
1286	0
1287	1
1288	1
1289	0
1290	1
1291	4
1292	0
1293	1
1294	1
1295	0
1296	0
1297	0
1298	1
1299	0
1300	1
1301	0
1302	0
1303	0
1304	1
1305	0
1306	1
1307	2
1308	0
1309	0
1310	1
1311	1
1312	0
1313	1
1314	1
1315	0
1316	0
1317	1
1318	1
1319	0
1320	1
1321	0
1322	0
1323	2
1324	4
1325	0
1326	1
1327	0
1328	1
1329	1
1330	0
1331	1
1332	1
1333	0
1334	0
1335	1
1336	0
1337	3
1338	2
1339	0
1340	2
1341	0
1342	1
1343	1
1344	1
1345	2
1346	4
1347	0
1348	0
1349	1
1350	1
1351	0
1352	0
1353	0
1354	0
1355	1
1356	1
1357	0
1358	1
1359	0
1360	1
1361	3
1362	3
1363	2
1364	1
1365	0
1366	1
1367	0
1368	2
1369	4
1370	3
1371	3
1372	1
1373	1
1374	0
1375	0
1376	0
1377	0
1378	1
1379	0
1380	1
1381	1
1382	0
1383	0
1384	1
1385	0
1386	0
1387	1
1388	0
1389	0
1390	1
1391	1
1392	0
1393	1
1394	0
1395	1
1396	0
1397	2
1398	4
1399	4
1400	0
1401	0
1402	0
1403	1
1404	0
1405	0
1406	1
1407	0
1408	2
1409	3
1410	0
1411	1
1412	0
1413	0
1414	1
1415	0
1416	1
1417	0
1418	0
1419	1
1420	1
1421	1
1422	1
1423	2
1424	0
1425	0
1426	1
1427	1
1428	1
1429	0
1430	0
1431	0
1432	1
1433	1
1434	1
1435	1
1436	0
1437	1
1438	0
1439	1
1440	1
1441	1
1442	1
1443	1
1444	1
1445	4
1446	2
1447	0
1448	0
1449	1
1450	1
1451	1
1452	1
1453	1
1454	1
1455	1
1456	1
1457	1
1458	1
1459	1
1460	4
1461	0
1462	1
1463	2
1464	1
1465	1
1466	0
1467	1
1468	1
1469	1
1470	1
1471	0
1472	1
1473	1
1474	0
1475	1
1476	1
1477	1
1478	1
1479	1
1480	0
1481	0
1482	1
1483	1
1484	1
1485	0
1486	0
1487	1
1488	1
1489	1
1490	3
1491	3
1492	3
1493	4
1494	0
1495	1
1496	0
1497	1
1498	1
1499	0
1500	0
1501	1
1502	0
1503	0
1504	0
1505	1
1506	0
1507	1
1508	1
1509	0
1510	1
1511	1
1512	0
1513	0
1514	1
1515	2
1516	1
1517	1
1518	1
1519	1
1520	0
1521	1
1522	0
1523	0
1524	1
1525	1
1526	1
1527	0
1528	0
1529	0
1530	0
1531	0
1532	1
1533	0
1534	1
1535	2
1536	1
1537	1
1538	1
1539	1
1540	1
1541	1
1542	0
1543	0
1544	0
1545	1
1546	1
1547	0
1548	0
1549	1
1550	2
1551	2
1552	1
1553	0
1554	0
1555	0
1556	0
1557	0
1558	2
1559	2
1560	0
1561	0
1562	0
1563	0
1564	0
1565	0
1566	0
1567	0
1568	0
1569	0
1570	1
1571	1
1572	0
1573	0
1574	0
1575	2
1576	0
1577	1
1578	2
1579	1
1580	1
1581	0
1582	0
1583	0
1584	3
1585	0
1586	1
1587	1
1588	1
1589	1
1590	0
1591	1
1592	1
1593	0
1594	0
1595	1
1596	0
1597	1
1598	0
1599	0
1600	1
1601	1
1602	0
1603	1
1604	0
1605	1
1606	0
1607	0
1608	1
1609	1
1610	0
1611	1
1612	0
1613	0
1614	2
1615	1
1616	0
1617	0
1618	0
1619	1
1620	1
1621	0
1622	0
1623	1
1624	1
1625	0
1626	0
1627	0
1628	0
1629	0
1630	2
1631	1
1632	1
1633	1
1634	2
1635	1
1636	1
1637	1
1638	1
1639	0
1640	2
1641	1
1642	1
1643	0
1644	2
1645	2
1646	1
1647	3
1648	0
1649	0
1650	0
1651	1
1652	1
1653	1
1654	1
1655	2
1656	2
1657	3
1658	1
1659	1
1660	0
1661	1
1662	0
1663	1
1664	1
1665	0
1666	1
1667	1
1668	1
1669	0
1670	0
1671	1
1672	1
1673	0
1674	1
1675	1
1676	2
1677	0
1678	0
1679	0
1680	0
1681	1
1682	0
1683	0
1684	1
1685	0
1686	1
1687	2
1688	4
1689	4
1690	0
1691	1
1692	0
1693	2
1694	2
1695	0
1696	0
1697	0
1698	0
1699	1
1700	3
1701	1
1702	2
1703	0
1704	0
1705	0
1706	0
1707	2
1708	1
1709	0
1710	0
1711	1
1712	3
1713	2
1714	1
1715	0
1716	0
1717	1
1718	1
1719	0
1720	0
1721	1
1722	0
1723	0
1724	1
1725	0
1726	0
1727	0
1728	2
1729	1
1730	0
1731	0
1732	0
1733	0
1734	1
1735	1
1736	0
1737	1
1738	0
1739	0
1740	2
1741	1
1742	0
1743	0
1744	2
1745	1
1746	2
1747	2
1748	1
1749	1
1750	2
1751	1
1752	0
1753	0
1754	0
1755	2
1756	4
1757	5
1758	5
1759	5
1760	5
1761	5
1762	5
1763	5
1764	5
1765	5
1766	5
1767	5
1768	5
1769	5
1770	5
1771	5
1772	5
1773	5
1774	5
1775	5
1776	5
1777	5
1778	5
1779	5
1780	5
1781	5
1782	5
1783	5
1784	5
1785	5
1786	5
1787	5
1788	5
1789	5
1790	5
1791	5
1792	5
1793	5
1794	5
1795	5
1796	5
1797	5
1798	5
1799	5
1800	5
	
